1st (157
)
2nd (154
)
3rd (151
)
4th (142
)
28:05
20:17
37:59
24:56
35
41
34
41
Dwarves
Nomads
Cultists
Swarmlings
25
30
27
27
3
2
1
4
13
14
10
10
5
6
5
7
2
2
2
3
0
1
1
1
1
1
1
1
2
2
2
2
2
3
3
4
7
6
5
6
0
0
1
0
0
3
3
1
0
0
2
2
5
10
9
4
1
5
9
10
7
5
9
10
2
5
1
9
0
0
0
0
1
0
0
2
0
2
0
2
0
2
1
1
1
0
3
1
2
2
0
1
18
27
14
30
4
3
2
3
0
14
7
7
6
0
6
0
9
4
15
12
1
13
20
4
38
61
64
56
29
32
28
24
0
4
0
4
2
5
4
2
2
0
2
6
2
0
0
3
35
41
34
39
8
8
9
9
1
0
0
2
0
0
0
0
0
1
0
0
0
0
0
0
0
0
0
0
9
9
9
11
5
12
14
36
26
32
29
16
8
17
15
22
4
4
8
0
0
0
0
0
9
9
7
9
0
0
0
0
52
74
73
83
32
32
27
20
31
30
31
24
18
24
27
18
12
11
12
16
12
18
0
6
6
14
12
24
-
-
-
-
0
0
1
0
28
0
7
0
0
0
12
12
0
9
9
2
139
138
138
122
25
30
27
27
7
14
14
7
 
 
 
 
